100 0.000002 0.000000
500 0.000001 0.000000
900 0.000002 0.000000
1300 0.000002 0.000000
1700 0.000001 0.000000
2100 0.000001 0.000000
2500 0.000002 0.000000
2900 0.000002 0.000000
3300 0.000002 0.000000
3700 0.000004 0.000000
4100 0.000003 0.000000
4500 0.000003 0.000000
4900 0.000004 0.000000
5300 0.000004 0.000000
5700 0.000002 0.000000
6100 0.000004 0.000000
6500 0.000003 0.000000
6900 0.000004 0.000000
7300 0.000004 0.000000
7700 0.000004 0.000000
8100 0.000003 0.000000
8500 0.000003 0.000000
8900 0.000002 0.000000
9300 0.000004 0.000000
9700 0.000003 0.000000
