100 0.000016 0.000100
500 0.000271 0.002500
900 0.000855 0.008100
1300 0.001910 0.016900
1700 0.003343 0.028900
2100 0.004856 0.044100
2500 0.006785 0.062500
2900 0.008969 0.084100
3300 0.011411 0.108900
3700 0.014235 0.136900
4100 0.018052 0.168100
4500 0.021190 0.202500
4900 0.025401 0.240100
5300 0.028960 0.280900
5700 0.032887 0.324900
6100 0.036983 0.372100
6500 0.042184 0.422500
6900 0.047803 0.476100
7300 0.052792 0.532900
7700 0.059029 0.592900
8100 0.065065 0.656100
8500 0.076469 0.722500
8900 0.083793 0.792100
9300 0.093884 0.864900
9700 0.098246 0.940900
