100 0.000008 0.000007
500 0.000043 0.000045
900 0.000082 0.000088
1300 0.000123 0.000134
1700 0.000165 0.000182
2100 0.000201 0.000232
2500 0.000251 0.000282
2900 0.000292 0.000334
3300 0.000338 0.000386
3700 0.000390 0.000439
4100 0.000485 0.000492
4500 0.000475 0.000546
4900 0.000539 0.000601
5300 0.000565 0.000656
5700 0.000615 0.000711
6100 0.000666 0.000767
6500 0.000714 0.000823
6900 0.000749 0.000880
7300 0.000940 0.000937
7700 0.000919 0.000994
8100 0.000899 0.001052
8500 0.000948 0.001110
8900 0.001006 0.001168
9300 0.001029 0.001226
9700 0.001068 0.001285
